"","CFI.Open","CFI.High","CFI.Low","CFI.Close","CFI.Volume","CFI.Adjusted"
"2010-01-04",10.25,11.1,10.06,10.72,128500,9.82335
"2010-01-05",10.77,11.3,10.77,11.25,116500,10.30902
"2010-01-06",11.4,11.4,11,11.19,83200,10.25403
"2010-01-07",11.3,11.33,10.86,11.07,37900,10.14407
"2010-01-08",11.18,11.32,11.02,11.29,31400,10.34567
"2010-01-11",11.29,12.19,11.22,12.19,140400,11.17039
"2010-01-12",12.23,12.27,11.3,11.65,119400,10.67556
"2010-01-13",11.99,12.3,11.27,12.22,223300,11.19788
"2010-01-14",12.38,12.75,11.96,12.35,132900,11.31701
"2010-01-15",12.5,12.5,11.59,11.75,63000,10.76719
"2010-01-19",11.69,12.33,11.69,11.9,230300,10.90465
"2010-01-20",11.97,12.15,11.5,12.03,82500,11.02378
"2010-01-21",12.09,12.49,11.31,11.44,107600,10.48312
"2010-01-22",11.56,11.67,11,11.35,80100,10.40065
"2010-01-25",11.56,12,11.44,11.5,109600,10.53811
"2010-01-26",11.72,12.15,11.5,11.98,88000,10.97796
"2010-01-27",11.81,12.7,11.81,12.07,123600,11.06043
"2010-01-28",12.3,12.48,12.02,12.37,81900,11.33534
"2010-01-29",12.44,13.2,12.44,13.01,210400,11.92181
"2010-02-01",13.23,13.25,13.02,13.05,186900,11.95846
"2010-02-02",13.25,13.5,13.06,13.17,202400,12.06842
"2010-02-03",13.34,13.39,13.24,13.27,151200,12.16006
"2010-02-04",13.38,13.44,13.18,13.36,124300,12.24253
"2010-02-05",13.43,13.43,10.61,11.28,484400,10.33651
"2010-02-08",11.5,12.45,11.4,12.37,194000,11.33534
"2010-02-09",12.74,13.14,11.76,12.16,173000,11.1429
"2010-02-10",12.2,12.79,12.17,12.63,127800,11.57359
"2010-02-11",12.86,13.26,12.75,13.07,182300,11.97679
"2010-02-12",13.17,13.95,12.57,13.2,324900,12.09591
"2010-02-16",13.72,14.68,13.71,14.68,405800,13.45212
"2010-02-17",15.06,16.08,15.06,15.5,525400,14.20353
"2010-02-18",15.74,16.21,15.64,16,621200,14.66171
"2010-02-19",16.12,16.62,16,16.11,471000,14.76251
"2010-02-22",16.49,17.05,16.43,16.98,579000,15.55974
"2010-02-23",16.84,16.96,16.2,16.4,391200,15.02826
"2010-02-24",15.83,15.83,12.9,12.97,1468800,11.88515
"2010-02-25",12.68,13.88,12.32,13.73,567400,12.58158
"2010-02-26",13,13.6,12.9,13.02,403200,11.93097
"2010-03-01",13.29,13.93,12.56,13.92,515100,12.75569
"2010-03-02",13.5,14.03,13.02,13.65,561000,12.50827
"2010-03-03",13.62,13.88,13.29,13.62,323300,12.48078
"2010-03-04",13.53,13.53,12.85,12.96,433400,11.87599
"2010-03-05",12.99,13.1,12.57,12.74,348800,11.67439
"2010-03-08",12.79,12.99,12.54,12.89,218000,11.81184
"2010-03-09",12.94,12.94,12.26,12.49,270300,11.4453
"2010-03-10",12.46,12.46,11.82,12.04,321900,11.03294
"2010-03-11",12.07,12.1,11.65,12.06,193900,11.05127
"2010-03-12",12.31,12.42,11.9,12,182800,10.99628
"2010-03-15",11.8,12.01,11.71,11.76,193800,10.77636
"2010-03-16",11.73,12,11.5,11.98,226000,10.97796
"2010-03-17",12.1,12.19,11.7,11.73,104400,10.74887
"2010-03-18",11.64,11.75,11.55,11.74,94800,10.75803
"2010-03-19",11.66,11.81,11.44,11.66,158400,10.68472
"2010-03-22",11.51,11.57,11.3,11.48,121000,10.51978
"2010-03-23",11.23,11.73,11.23,11.67,60000,10.69389
"2010-03-24",11.42,11.7,11.37,11.7,87400,10.72138
"2010-03-25",11.89,11.89,11.57,11.71,88300,10.73054
"2010-03-26",11.82,11.82,11.52,11.7,82700,10.72138
"2010-03-29",11.67,11.91,11.62,11.88,166200,10.88632
"2010-03-30",11.7,12.09,11.7,12.03,221000,11.02378
"2010-03-31",12.07,12.21,11.8,11.99,78100,10.98712
"2010-04-01",11.87,12.03,11.53,11.69,144700,10.71221
"2010-04-05",11.6,12.5,11.6,12.47,151500,11.42697
"2010-04-06",12.54,12.75,12.49,12.69,115000,11.62857
"2010-04-07",12.74,12.86,12.62,12.74,66200,11.67439
"2010-04-08",12.65,12.68,12.17,12.29,78800,11.26203
"2010-04-09",12.32,12.65,12.12,12.6,56800,11.5461
"2010-04-12",12.51,12.92,12.33,12.57,91900,11.51861
"2010-04-13",12.41,12.65,12.15,12.37,53800,11.33534
"2010-04-14",12.22,12.34,12,12.13,65600,11.11541
"2010-04-15",11.93,12.03,11.5,11.7,133900,10.72138
"2010-04-16",11.7,11.89,11.42,11.53,58700,10.5656
"2010-04-19",11.53,11.53,11,11.15,83300,10.21738
"2010-04-20",11.33,11.33,11.04,11.13,79700,10.19905
"2010-04-21",11.27,11.31,11.03,11.25,115000,10.30902
"2010-04-22",11.24,11.9,11.23,11.88,86800,10.88632
"2010-04-23",11.98,12.31,11.73,12.13,103500,11.11541
"2010-04-26",12.24,12.62,12.15,12.43,95600,11.39032
"2010-04-27",12.46,12.51,11.91,11.95,88800,10.95047
"2010-04-28",11.96,12.18,11.96,11.97,92200,10.96879
"2010-04-29",12.22,12.22,11.71,11.97,76900,10.96879
"2010-04-30",12.07,12.12,11.81,11.94,153400,10.9413
"2010-05-03",11.93,12.41,11.93,12.14,77500,11.12457
"2010-05-04",12.7,13,12.35,12.84,124700,11.76602
"2010-05-05",12.8,12.99,12.6,12.94,117500,11.85766
"2010-05-06",12.94,13.29,6.56,12.89,330800,11.81184
"2010-05-07",12.74,13.05,11.53,11.74,231500,10.75803
"2010-05-10",12.03,12.53,12.03,12.39,89800,11.35366
"2010-05-11",12.07,12.8,12.07,12.76,115700,11.69272
"2010-05-12",12.8,13.52,12.79,13.46,137100,12.33417
"2010-05-13",13.53,14,13.46,14,132200,12.829
"2010-05-14",13.98,13.98,13.13,13.38,65500,12.26086
"2010-05-17",13.25,13.39,12.53,13.06,55800,11.96762
"2010-05-18",13.11,13.63,13.11,13.19,81700,12.08675
"2010-05-19",13.33,14.1,13.33,13.87,126600,12.70987
"2010-05-20",13.81,13.81,12.63,12.89,133800,11.81184
"2010-05-21",12.93,13.31,12.83,13.17,57100,12.06842
"2010-05-24",13.21,13.31,12.87,13.14,49000,12.04093
"2010-05-25",12.9,12.97,12.47,12.84,106900,11.76602
"2010-05-26",12.9,13.38,12.55,12.62,90600,11.56443
"2010-05-27",12.54,13.17,12.54,12.99,39800,11.90348
"2010-05-28",13.09,13.14,12.68,13.1,76800,12.00428
"2010-06-01",13.05,13.27,12.7,12.73,139100,11.66523
"2010-06-02",12.65,12.95,12.41,12.94,34700,11.85766
"2010-06-03",12.81,12.93,12.52,12.81,52600,11.73853
"2010-06-04",12.46,12.79,12.16,12.37,68200,11.33534
"2010-06-07",12.55,12.71,11.13,11.16,108100,10.22654
"2010-06-08",11.14,11.45,10.79,10.9,104900,9.98829
"2010-06-09",11.06,11.45,11,11.05,74200,10.12575
"2010-06-10",11.26,11.52,10.98,11.44,78700,10.48312
"2010-06-11",11.43,12.25,11.34,11.99,89600,10.98712
"2010-06-14",12.07,12.43,11.88,11.95,119800,10.95047
"2010-06-15",11.94,12.45,11.94,12.4,126800,11.36283
"2010-06-16",12.64,13.14,12.38,12.94,162200,11.85766
"2010-06-17",13.4,13.62,12.03,12.91,176700,11.83017
"2010-06-18",13,13.36,12.76,12.93,89400,11.8485
"2010-06-21",12.96,12.96,12.11,12.24,89500,11.21621
"2010-06-22",12.25,12.55,12.11,12.16,55300,11.1429
"2010-06-23",12.18,12.42,11.8,12.07,85500,11.06043
"2010-06-24",12.17,12.5,11.72,12.35,96200,11.31701
"2010-06-25",12.5,12.5,11.84,12.28,868700,11.25286
"2010-06-28",12.32,12.41,12.03,12.09,130900,11.07876
"2010-06-29",12.01,12.08,11.2,11.29,148500,10.34567
"2010-06-30",11.31,11.47,10.92,10.96,109200,10.04327
"2010-07-01",11.04,11.44,10.86,11.35,136300,10.40065
"2010-07-02",11.37,11.52,11.01,11.16,90400,10.22654
"2010-07-06",11.25,11.42,10.91,10.93,190900,10.01578
"2010-07-07",10.94,11.21,10.88,11.19,66200,10.25403
"2010-07-08",11.24,11.43,11.09,11.38,60200,10.42814
"2010-07-09",11.43,11.9,11.32,11.85,71300,10.85883
"2010-07-12",11.89,12.04,11.42,11.44,88000,10.48312
"2010-07-13",11.59,12,11.44,11.98,123700,10.97796
"2010-07-14",11.99,12.01,11.81,12.01,50100,11.00545
"2010-07-15",12.05,12.08,11.51,11.65,81000,10.67556
"2010-07-16",11.6,11.8,11.04,11.13,87600,10.19905
"2010-07-19",11.2,11.27,10.76,10.79,85800,9.88749
"2010-07-20",10.65,11.15,10.53,11.13,82200,10.19905
"2010-07-21",11.16,11.16,10.74,10.8,100800,9.89666
"2010-07-22",11,11.11,10.86,11.09,64800,10.1624
"2010-07-23",11.09,11.2,10.88,11.19,48800,10.25403
"2010-07-26",11.23,11.27,10.81,11.04,82900,10.11658
"2010-07-27",11.11,11.15,10.79,11.04,68300,10.11658
"2010-07-28",11,11.04,10.6,10.61,67600,9.72255
"2010-07-29",10.7,10.77,10.26,10.44,50700,9.56677
"2010-07-30",10.21,10.66,10.21,10.42,45500,9.54844
"2010-08-02",10.6,10.98,10.51,10.96,68400,10.04327
"2010-08-03",10.9,11.16,10.75,11.02,59300,10.09826
"2010-08-04",11.01,11.12,10.6,11.07,102300,10.14407
"2010-08-05",10.98,11.13,10.81,11.06,34400,10.13491
"2010-08-06",10.84,11.08,10.82,11.04,51800,10.11658
"2010-08-09",11.21,11.59,11.11,11.57,56400,10.60225
"2010-08-10",11.48,11.56,11.24,11.32,60100,10.37316
"2010-08-11",11.12,11.12,10.72,10.76,66300,9.86
"2010-08-12",10.45,10.95,10.38,10.91,60200,9.99746
"2010-08-13",10.85,10.94,10.45,10.51,36400,9.63091
"2010-08-16",10.45,10.7,10.45,10.64,29300,9.75004
"2010-08-17",10.75,11.51,10.72,11.4,78600,10.44647
"2010-08-18",11.51,11.54,11.13,11.38,69800,10.42814
"2010-08-19",11.4,11.4,10.6,10.6,70800,9.71338
"2010-08-20",10.53,10.69,10.45,10.64,32000,9.75004
"2010-08-23",10.55,10.59,10.08,10.08,155700,9.23688
"2010-08-24",10.1,10.11,9.51,9.6,78500,8.79703
"2010-08-25",9.51,9.55,9.21,9.31,117200,8.53128
"2010-08-26",9.32,9.49,9.26,9.32,78300,8.54045
"2010-08-27",9.32,9.47,9.23,9.39,105400,8.60459
"2010-08-30",9.38,9.83,9.29,9.45,57500,8.65957
"2010-08-31",9.42,9.49,9.21,9.27,55900,8.49463
"2010-09-01",9.33,9.73,8.91,9.06,208500,8.3022
"2010-09-02",9.06,9.37,8.98,9.09,56900,8.32969
"2010-09-03",9.19,9.22,8.95,9.22,80300,8.44881
"2010-09-07",9.22,9.22,8.92,9.11,74300,8.34801
"2010-09-08",9.1,9.24,9.05,9.07,34300,8.31136
"2010-09-09",9.2,9.2,9.04,9.11,62500,8.34801
"2010-09-10",9.16,9.22,8.93,9,53500,8.24721
"2010-09-13",9.04,9.15,8.92,9.06,118200,8.3022
"2010-09-14",9,9.17,8.92,9.12,68900,8.35718
"2010-09-15",9.06,9.12,8.86,9.11,87400,8.34801
"2010-09-16",9.11,9.24,9.09,9.16,55000,8.39383
"2010-09-17",9.24,9.35,9.18,9.32,61400,8.54045
"2010-09-20",9.39,9.39,9.03,9.18,173200,8.41216
"2010-09-21",9.15,9.35,9,9.23,60400,8.45798
"2010-09-22",9.2,9.41,9.18,9.27,51600,8.49463
"2010-09-23",9.25,9.54,9.25,9.48,51100,8.68706
"2010-09-24",9.58,9.84,9.39,9.83,45600,9.00779
"2010-09-27",9.86,10,9.8,9.9,53400,9.07193
"2010-09-28",9.89,9.94,9.7,9.77,78200,8.95281
"2010-09-29",9.7,9.87,9.7,9.77,56200,8.95281
"2010-09-30",9.85,9.85,9.75,9.8,74600,8.9803
"2010-10-01",9.84,10.02,9.73,10.02,57100,9.1819
"2010-10-04",10.02,10.07,9.45,9.5,75200,8.70539
"2010-10-05",9.46,10,9.46,9.95,76300,9.11775
"2010-10-06",9.89,9.99,9.78,9.93,45200,9.09943
"2010-10-07",9.96,10.22,9.9,10.13,21100,9.2827
"2010-10-08",10.21,10.45,9.93,10.43,30700,9.5576
"2010-10-11",10.37,10.48,10.2,10.31,27600,9.44764
"2010-10-12",10.24,10.5,10.12,10.47,23100,9.59426
"2010-10-13",10.48,10.51,10.33,10.42,30600,9.54844
"2010-10-14",10.42,10.5,10.27,10.35,60400,9.4843
"2010-10-15",10.47,10.57,10.1,10.34,74300,9.47513
"2010-10-18",10.34,10.59,10.15,10.59,41100,9.70422
"2010-10-19",10.5,10.73,10.16,10.29,49100,9.42931
"2010-10-20",10.36,10.65,10.36,10.57,26000,9.68589
"2010-10-21",10.66,10.75,10.08,10.25,42000,9.39266
"2010-10-22",10.27,10.27,10.04,10.14,60000,9.29186
"2010-10-25",10.24,10.46,10.2,10.39,26500,9.52095
"2010-10-26",10.3,10.78,10.17,10.46,123300,9.58509
"2010-10-27",10.36,10.36,10.11,10.27,31500,9.41099
"2010-10-28",10.35,10.65,10.25,10.62,24600,9.73171
"2010-10-29",10.56,10.56,10.1,10.14,23400,9.29186
"2010-11-01",10.26,10.26,9.9,10,31600,9.16357
"2010-11-02",10.06,10.4,9.93,10.39,22100,9.52095
"2010-11-03",10.36,10.85,10.31,10.85,34700,9.94247
"2010-11-04",11.04,11.41,10.94,11.41,49800,10.45563
"2010-11-05",11.37,11.43,11.16,11.33,31300,10.38233
"2010-11-08",11.33,11.42,11.13,11.21,19100,10.27236
"2010-11-09",11.19,11.33,10.8,10.85,15700,9.94247
"2010-11-10",10.84,10.92,10.7,10.92,35500,10.00662
"2010-11-11",10.78,10.8,10.61,10.65,15600,9.7592
"2010-11-12",10.51,10.59,10.24,10.24,18700,9.3835
"2010-11-15",10.31,10.42,10.22,10.31,17900,9.44764
"2010-11-16",10.22,10.31,10.08,10.14,33200,9.29186
"2010-11-17",10.12,10.26,10,10.07,23500,9.22772
"2010-11-18",10.21,10.21,10.08,10.21,23200,9.35601
"2010-11-19",10.2,10.5,10.02,10.5,26400,9.62175
"2010-11-22",10.49,10.49,10.02,10.36,22800,9.49346
"2010-11-23",10.24,10.57,10.14,10.36,34000,9.49346
"2010-11-24",10.41,10.58,10.32,10.58,16400,9.69506
"2010-11-26",10.46,10.46,10.08,10.33,13500,9.46597
"2010-11-29",10.3,10.65,10.3,10.55,25200,9.66757
"2010-11-30",10.48,10.63,9.98,10.3,120200,9.43848
"2010-12-01",10.57,10.57,10.24,10.39,31200,9.52095
"2010-12-02",10.36,10.49,10.2,10.3,18400,9.43848
"2010-12-03",10.2,10.45,10.2,10.37,12000,9.50262
"2010-12-06",10.31,10.49,10.24,10.43,23700,9.5576
"2010-12-07",10.58,10.63,10.28,10.59,66500,9.70422
"2010-12-08",10.57,10.68,10.55,10.59,7200,9.70422
"2010-12-09",10.73,10.73,10.55,10.67,21800,9.77753
"2010-12-10",10.64,10.86,10.6,10.83,16900,9.92415
"2010-12-13",10.81,10.92,10.81,10.83,22100,9.92415
"2010-12-14",10.82,10.83,10.57,10.72,32300,9.82335
"2010-12-15",10.67,10.75,10.53,10.55,21400,9.66757
"2010-12-16",10.53,10.65,10.36,10.65,22300,9.7592
"2010-12-17",10.65,10.79,10.55,10.78,57100,9.87833
"2010-12-20",10.79,10.84,10.72,10.74,18600,9.84167
"2010-12-21",10.9,10.9,10.67,10.72,23200,9.82335
"2010-12-22",10.78,10.8,10.4,10.77,29200,9.86917
"2010-12-23",10.74,10.9,10.67,10.73,32900,9.83251
"2010-12-27",10.66,10.7,10.58,10.68,14600,9.78669
"2010-12-28",10.65,10.79,10.6,10.7,21400,9.80502
"2010-12-29",10.68,10.69,10.52,10.56,18000,9.67673
"2010-12-30",10.53,10.71,10.48,10.48,20800,9.60342
"2010-12-31",10.46,10.59,10.28,10.36,16100,9.49346
"2011-01-03",10.26,10.55,10.2,10.35,82100,9.4843
"2011-01-04",10.39,10.39,10.07,10.22,65700,9.36517
"2011-01-05",10.16,10.38,10.09,10.34,20500,9.47513
"2011-01-06",10.34,10.49,10.2,10.32,16700,9.4568
"2011-01-07",10.3,10.4,10.2,10.33,17300,9.46597
"2011-01-10",10.3,10.32,10.2,10.26,19900,9.40182
"2011-01-11",10.33,10.63,10.23,10.3,37300,9.43848
"2011-01-12",10.35,10.5,10.3,10.49,17300,9.61259
"2011-01-13",10.44,10.76,10.33,10.73,24600,9.83251
"2011-01-14",10.7,10.74,10.65,10.74,24700,9.84167
"2011-01-18",10.63,10.8,10.56,10.62,23300,9.73171
"2011-01-19",10.57,10.57,10.12,10.15,26100,9.30102
"2011-01-20",10.11,10.17,9.91,10,45700,9.16357
"2011-01-21",10.11,10.12,9.98,9.99,29500,9.15441
"2011-01-24",10.02,10.11,10,10.02,11600,9.1819
"2011-01-25",10,10.19,9.54,10.14,61800,9.29186
"2011-01-26",10.12,10.28,9.99,10.23,35100,9.37433
"2011-01-27",10.17,10.17,10.02,10.07,20400,9.22772
"2011-01-28",10.02,10.07,9.77,9.79,40400,8.97114
"2011-01-31",9.87,10.12,9.68,9.99,43900,9.15441
"2011-02-01",10.02,10.1,10.02,10.07,16200,9.22772
"2011-02-02",10,10.1,10,10.03,14600,9.19106
"2011-02-03",9.98,10.08,9.95,10.01,7200,9.17273
"2011-02-04",9.98,10,9.83,9.91,16700,9.0811
"2011-02-07",9.88,10.1,9.88,10.02,15200,9.1819
"2011-02-08",9.97,10.02,9.87,10.01,6200,9.17273
"2011-02-09",9.93,10.05,9.93,10,6900,9.16357
"2011-02-10",9.89,10.02,9.89,9.97,18700,9.13608
"2011-02-11",9.89,10.04,9.87,10.04,15800,9.20022
"2011-02-14",10.01,10.06,9.98,10.01,24900,9.17273
"2011-02-15",9.94,10.04,9.71,9.87,23100,9.04444
"2011-02-16",9.86,9.95,9.81,9.9,9700,9.07193
"2011-02-17",9.9,9.9,9.73,9.83,33100,9.00779
"2011-02-18",9.88,10.22,9.88,10.17,27500,9.31935
"2011-02-22",9.99,10.12,9.99,10.04,12400,9.20022
"2011-02-23",10.06,10.11,9.99,10.03,9400,9.19106
"2011-02-24",10,10.03,9.59,9.87,40600,9.04444
"2011-02-25",9.87,9.99,9.79,9.95,13300,9.11775
"2011-02-28",9.97,10.08,9.97,10.05,7100,9.20939
"2011-03-01",10.03,10.08,9.68,9.78,22400,8.96197
"2011-03-02",9.82,9.82,9.58,9.73,22200,8.91615
"2011-03-03",9.81,10.18,9.77,10.18,16700,9.32852
"2011-03-04",10.15,10.17,9.96,10,14200,9.16357
"2011-03-07",10.04,10.04,9.82,9.94,23100,9.10859
"2011-03-08",9.9,10.14,9.88,10.12,13500,9.27353
"2011-03-09",10.06,10.14,9.91,9.93,22200,9.09943
"2011-03-10",9.8,9.93,9.57,9.74,36500,8.92532
"2011-03-11",9.62,9.77,9.59,9.66,28600,8.85201
"2011-03-14",9.55,9.69,9.42,9.52,28700,8.72372
"2011-03-15",9.28,9.4,9.04,9.16,41000,8.39383
"2011-03-16",9.09,9.28,8.8,9.12,56200,8.35718
"2011-03-17",9.31,9.31,8.65,8.73,39300,7.9998
"2011-03-18",8.74,9.06,8.64,8.74,73800,8.00896
"2011-03-21",8.83,9,8.43,9,39800,8.24721
"2011-03-22",8.97,9.72,8.67,9.7,39300,8.88866
"2011-03-23",9.64,9.73,9.13,9.7,66700,8.88866
"2011-03-24",9.72,9.72,9.41,9.44,21100,8.65041
"2011-03-25",9.45,9.47,9.38,9.42,21300,8.63208
"2011-03-28",9.47,9.47,9.23,9.27,13800,8.49463
"2011-03-29",9.27,9.35,9.1,9.35,23300,8.56794
"2011-03-30",9.34,9.4,9.14,9.39,24600,8.60459
"2011-03-31",9.33,9.41,9.19,9.28,31300,8.50379
"2011-04-01",9.37,9.5,9.37,9.46,8300,8.66874
"2011-04-04",9.52,9.52,9.39,9.51,10800,8.71456
"2011-04-05",9.46,9.54,9.42,9.51,14000,8.71456
"2011-04-06",9.51,9.81,9.42,9.67,33500,8.86117
"2011-04-07",9.73,9.73,9.45,9.49,26300,8.69623
"2011-04-08",9.6,9.6,9.36,9.36,34500,8.5771
"2011-04-11",9.33,9.33,9.13,9.19,33900,8.42132
"2011-04-12",9.11,9.15,8.85,8.92,49900,8.1739
"2011-04-13",8.96,9.14,8.86,8.98,41800,8.22889
"2011-04-14",8.9,9.03,8.83,9.02,40100,8.26554
"2011-04-15",9,9.08,8.9,9.08,26900,8.32052
"2011-04-18",8.95,9,8.85,8.93,18100,8.18307
"2011-04-19",8.93,8.97,8.7,8.74,44600,8.00896
"2011-04-20",8.91,8.91,8.78,8.84,14200,8.1006
"2011-04-21",8.85,8.85,8.76,8.81,13600,8.07311
"2011-04-25",8.84,9.05,8.78,9.03,16100,8.2747
"2011-04-26",9.03,9.14,8.93,9.06,23200,8.3022
"2011-04-27",9.04,9.28,8.95,9.23,36900,8.45798
"2011-04-28",9.18,9.44,9.11,9.36,47500,8.5771
"2011-04-29",9.5,10.12,9.44,10.08,116000,9.23688
"2011-05-02",10.1,10.1,9.83,10,26000,9.16357
"2011-05-03",9.97,10.02,9.83,9.85,16000,9.02612
"2011-05-04",9.85,10.17,9.6,9.6,46000,8.79703
"2011-05-05",9.56,9.68,9.37,9.48,38300,8.68706
"2011-05-06",9.52,9.67,9.48,9.49,19400,8.69623
"2011-05-09",9.52,9.57,9.41,9.57,36000,8.76954
"2011-05-10",9.56,9.83,9.55,9.83,20600,9.00779
"2011-05-11",9.77,9.78,9.65,9.66,8800,8.85201
"2011-05-12",9.64,9.98,9.54,9.98,19000,9.14524
"2011-05-13",9.96,10.01,9.77,9.8,32900,8.9803
"2011-05-16",9.76,9.83,9.22,9.35,26800,8.56794
"2011-05-17",9.3,9.3,8.91,9.05,29000,8.29303
"2011-05-18",9.06,9.06,8.76,9.04,34600,8.28387
"2011-05-19",9.08,9.15,8.8,9.01,72100,8.25638
"2011-05-20",8.96,9.19,8.9,9.11,51700,8.34801
"2011-05-23",8.95,9.1,8.95,9.03,30600,8.2747
"2011-05-24",9.12,9.12,8.76,8.81,80100,8.07311
"2011-05-25",8.81,9.12,8.81,9.03,18000,8.2747
"2011-05-26",8.99,9,8.75,8.84,79300,8.1006
"2011-05-27",8.87,8.89,8.75,8.76,23800,8.02729
"2011-05-31",8.86,8.94,8.76,8.92,52700,8.1739
"2011-06-01",8.9,8.96,8.61,8.62,43900,7.899
"2011-06-02",8.6,8.6,8.33,8.35,46700,7.65158
"2011-06-03",8.23,8.39,8.08,8.12,48500,7.44082
"2011-06-06",8.12,8.21,7.99,7.99,46300,7.32169
"2011-06-07",8.04,8.13,7.9,7.91,25700,7.24838
"2011-06-08",7.86,7.96,7.8,7.9,43800,7.23922
"2011-06-09",7.92,7.92,7.63,7.71,48400,7.06511
"2011-06-10",7.63,7.82,7.54,7.67,80900,7.02846
"2011-06-13",7.72,7.72,7.3,7.38,82800,6.76271
"2011-06-14",7.47,7.67,7.33,7.6,76400,6.96431
"2011-06-15",7.54,7.72,7.42,7.43,65800,6.80853
"2011-06-16",7.45,7.82,7.4,7.68,71400,7.03762
"2011-06-17",8.13,8.66,8.09,8.54,160500,7.82569
"2011-06-20",8.54,8.69,8.23,8.25,55000,7.55995
"2011-06-21",8.35,8.56,8.17,8.29,81300,7.5966
"2011-06-22",8.29,8.32,7.99,8.06,83200,7.38584
"2011-06-23",7.94,8.15,7.85,8.08,74500,7.40416
"2011-06-24",8.07,8.65,8.01,8.45,860900,7.74322
"2011-06-27",8.52,9.67,8.52,9.45,162600,8.65957
"2011-06-28",9.46,9.9,9.44,9.81,98400,8.98946
"2011-06-29",9.83,9.83,9.22,9.31,76300,8.53128
"2011-06-30",9.38,9.78,9.38,9.39,51000,8.60459
"2011-07-01",9.4,9.99,9.34,9.88,54500,9.05361
"2011-07-05",9.97,10,9.83,9.98,38900,9.14524
"2011-07-06",9.92,9.92,9.63,9.7,26200,8.88866
"2011-07-07",9.92,10.27,9.89,10.2,52000,9.34684
"2011-07-08",10,10.12,9.79,10.03,52800,9.19106
"2011-07-11",9.85,9.85,9.34,9.34,60500,8.55877
"2011-07-12",9.33,9.66,9.33,9.65,26300,8.84284
"2011-07-13",9.75,9.93,9.6,9.7,42900,8.88866
"2011-07-14",9.73,9.89,9.5,9.62,107500,8.81535
"2011-07-15",9.68,9.8,9.57,9.72,35000,8.90699
"2011-07-18",9.63,9.63,9.24,9.44,111800,8.65041
"2011-07-19",9.55,9.64,9.5,9.53,39000,8.73288
"2011-07-20",9.57,9.8,9.48,9.64,87100,8.83368
"2011-07-21",9.73,10.4,9.7,10.4,96000,9.53011
"2011-07-22",10.4,10.7,10.35,10.47,115600,9.59426
"2011-07-25",10.34,10.78,10.15,10.19,65300,9.33768
"2011-07-26",10.22,10.22,9.8,9.81,40400,8.98946
"2011-07-27",9.75,9.8,9.03,9.37,83900,8.58627
"2011-07-28",9.29,9.92,9.29,9.83,110200,9.00779
"2011-07-29",9.63,9.63,8.61,8.92,204800,8.1739
"2011-08-01",8.89,9.14,8.75,9.09,64900,8.32969
"2011-08-02",8.95,9.55,8.95,9.24,75100,8.46714
"2011-08-03",9.33,9.71,9.26,9.62,64900,8.81535
"2011-08-04",9.54,9.75,9.29,9.3,70500,8.52212
"2011-08-05",9.38,9.43,8.99,9.09,63300,8.32969
"2011-08-08",8.78,8.85,8.12,8.12,34600,7.44082
"2011-08-09",8.36,8.36,7.9,8.29,52100,7.5966
"2011-08-10",7.93,8.13,7.9,7.91,25600,7.24838
"2011-08-11",7.91,8.53,7.91,8.49,19100,7.77987
"2011-08-12",8.59,8.61,8.46,8.54,20300,7.82569
"2011-08-15",8.57,8.72,8.5,8.69,25200,7.96314
"2011-08-16",8.55,8.75,8.5,8.65,12000,7.92649
"2011-08-17",8.75,8.89,8.73,8.75,19600,8.01812
"2011-08-18",8.58,8.58,7.91,7.93,39100,7.26671
"2011-08-19",7.89,8.05,7.86,8.02,38100,7.34918
"2011-08-22",8.26,8.26,7.77,7.8,87700,7.14758
"2011-08-23",7.86,8.14,7.86,8.03,38200,7.35835
"2011-08-24",8.08,8.28,8.08,8.25,42900,7.55995
"2011-08-25",8.25,8.59,8.23,8.44,62300,7.73405
"2011-08-26",8.32,8.47,8.12,8.44,12100,7.73405
"2011-08-29",8.5,8.96,8.5,8.87,27300,8.12809
"2011-08-30",8.59,8.61,8.12,8.5,41500,7.78903
"2011-08-31",8.51,8.64,8.5,8.53,19800,7.81653
"2011-09-01",8.56,8.56,8.45,8.54,16400,7.82569
"2011-09-02",8.4,8.51,8.25,8.51,16700,7.7982
"2011-09-06",8.27,8.51,8.27,8.36,18300,7.66074
"2011-09-07",8.53,8.65,8.35,8.43,38100,7.72489
"2011-09-08",8.32,8.45,8.32,8.43,8800,7.72489
"2011-09-09",8.32,8.39,8,8.05,18400,7.37667
"2011-09-12",7.91,7.95,7.78,7.79,27200,7.13842
"2011-09-13",7.85,8,7.74,7.93,18100,7.26671
"2011-09-14",7.88,8.29,7.88,8.17,24600,7.48664
"2011-09-15",8.26,8.26,8.06,8.11,16900,7.43166
"2011-09-16",8.18,8.35,8.06,8.32,20000,7.62409
"2011-09-19",8.09,8.32,7.92,8,21600,7.33086
"2011-09-20",8.09,8.24,7.77,7.85,47100,7.1934
"2011-09-21",7.89,8.04,7.85,7.92,14500,7.25755
"2011-09-22",7.58,7.7,7.35,7.6,24000,6.96431
"2011-09-23",7.52,7.79,7.05,7.76,15100,7.11093
"2011-09-26",7.9,7.9,7.4,7.77,7400,7.12009
"2011-09-27",7.75,8.4,7.75,8.15,20900,7.46831
"2011-09-28",8.22,8.34,8.06,8.11,32300,7.43166
"2011-09-29",8.3,8.48,7.77,8.39,28000,7.68824
"2011-09-30",8.16,8.63,8.16,8.45,8300,7.74322
"2011-10-03",8.33,8.37,7.88,7.99,12200,7.32169
"2011-10-04",7.86,8.18,7.76,8,31200,7.33086
"2011-10-05",8.04,8.18,7.94,8.01,15100,7.34002
"2011-10-06",8.05,8.48,8.05,8.36,18000,7.66074
"2011-10-07",8.48,8.5,8.25,8.25,11700,7.55995
"2011-10-10",8.42,8.69,8.36,8.61,6800,7.88983
"2011-10-11",8.54,9.04,8.4,8.85,19800,8.10976
"2011-10-12",9,9,8.54,8.8,33000,8.06394
"2011-10-13",8.75,9.1,8.6,8.68,14400,7.95398
"2011-10-14",8.72,8.85,8.72,8.85,15800,8.10976
"2011-10-17",8.8,8.8,8.73,8.73,7500,7.9998
"2011-10-18",8.71,8.75,8.7,8.75,13300,8.01812
"2011-10-19",8.7,8.9,8.68,8.69,7500,7.96314
"2011-10-20",8.65,8.71,8.46,8.5,15500,7.78903
"2011-10-21",8.51,8.55,8.25,8.45,28800,7.74322
"2011-10-24",8.5,9.02,8.5,8.88,20100,8.13725
"2011-10-25",8.76,8.87,8.64,8.73,6800,7.9998
"2011-10-26",8.87,8.87,8.69,8.7,3100,7.97231
"2011-10-27",8.96,8.96,8.57,8.57,17000,7.85318
"2011-10-28",8.62,8.71,8.62,8.65,9200,7.92649
"2011-10-31",8.42,8.68,8.42,8.59,5300,7.87151
"2011-11-01",8.29,8.5,8.28,8.36,15000,7.66074
"2011-11-02",8.48,8.53,8.28,8.31,14700,7.61493
"2011-11-03",8.32,8.5,8.32,8.49,3900,7.77987
"2011-11-04",8.45,8.58,8.43,8.44,7900,7.73405
"2011-11-07",8.35,8.38,8.29,8.3,8600,7.60576
"2011-11-08",8.48,8.48,8.33,8.34,9600,7.64242
"2011-11-09",8.21,8.35,8.19,8.35,5500,7.65158
"2011-11-10",8.41,8.41,8.23,8.41,17300,7.70656
"2011-11-11",8.41,8.5,8.39,8.39,4900,7.68824
"2011-11-14",8.46,8.49,8.35,8.35,9100,7.65158
"2011-11-15",8.35,8.45,8.31,8.33,9600,7.63325
"2011-11-16",8.28,8.39,8.05,8.14,9600,7.45915
"2011-11-17",8.11,8.16,8.04,8.07,3100,7.395
"2011-11-18",8.06,8.06,7.88,7.97,3900,7.30337
"2011-11-21",7.91,7.97,7.83,7.9,10000,7.23922
"2011-11-22",7.82,7.98,7.82,7.93,2100,7.26671
"2011-11-23",7.84,7.9,7.76,7.9,4200,7.23922
"2011-11-25",7.86,7.87,7.85,7.85,1900,7.1934
"2011-11-28",8.11,8.25,7.84,7.99,12000,7.32169
"2011-11-29",7.96,8.01,7.82,7.9,21400,7.23922
"2011-11-30",8.51,8.51,8.15,8.27,17500,7.57827
"2011-12-01",8.29,8.31,8.22,8.26,11500,7.56911
"2011-12-02",8.22,8.3,8.21,8.29,5700,7.5966
"2011-12-05",8.18,8.3,8.18,8.18,11400,7.4958
"2011-12-06",8.23,8.42,8.2,8.33,6300,7.63325
"2011-12-07",8.25,8.25,8.18,8.2,2400,7.51413
"2011-12-08",8.18,8.19,8,8,8400,7.33086
"2011-12-09",8.04,8.17,8,8.13,15000,7.44998
"2011-12-12",8,8.1,8,8.03,4200,7.35835
"2011-12-13",8.08,8.08,7.88,7.89,18800,7.23006
"2011-12-14",7.89,7.89,7.78,7.83,5300,7.17508
"2011-12-15",7.92,7.92,7.69,7.77,8800,7.12009
"2011-12-16",7.83,7.9,7.68,7.83,27700,7.17508
"2011-12-19",7.91,8,7.77,7.78,8100,7.12926
"2011-12-20",7.95,8.03,7.84,7.86,6700,7.20257
"2011-12-21",7.8,7.82,7.79,7.81,9000,7.15675
"2011-12-22",7.86,7.88,7.68,7.74,11500,7.0926
"2011-12-23",7.77,7.84,7.67,7.84,11400,7.18424
"2011-12-27",7.74,7.92,7.74,7.9,19400,7.23922
"2011-12-28",7.85,7.97,7.72,7.96,10600,7.2942
"2011-12-29",7.99,8.24,7.87,8.08,18800,7.40416
"2011-12-30",8.14,8.56,8.05,8.52,13800,7.80736
"2012-01-03",8.75,9.08,8.72,8.87,19500,8.12809
"2012-01-04",8.92,8.99,8.75,8.82,8500,8.08227
"2012-01-05",8.8,8.86,8.77,8.85,3500,8.10976
"2012-01-06",8.88,8.88,8.71,8.75,13300,8.01812
"2012-01-09",8.91,8.94,8.75,8.79,12100,8.05478
"2012-01-10",8.81,8.81,8.5,8.64,12100,7.91733
"2012-01-11",8.66,8.66,8.41,8.48,12200,7.77071
"2012-01-12",8.63,8.63,8.4,8.61,9100,7.88983
"2012-01-13",8.68,8.74,8.5,8.56,8200,7.84402
"2012-01-17",8.67,8.8,8.6,8.76,21400,8.02729
"2012-01-18",8.72,8.78,8.68,8.73,10300,7.9998
"2012-01-19",8.71,8.71,8.6,8.7,8000,7.97231
"2012-01-20",8.71,8.72,8.6,8.7,15000,7.97231
"2012-01-23",8.65,8.65,8.65,8.65,2900,7.92649
"2012-01-24",8.66,8.89,8.66,8.89,7200,8.14641
"2012-01-25",8.91,8.91,8.67,8.9,7800,8.15558
"2012-01-26",8.96,9.08,8.88,9.07,17200,8.31136
"2012-01-27",9.08,9.18,9.05,9.1,3500,8.33885
"2012-01-30",9.03,9.12,8.84,9,7500,8.24721
"2012-01-31",9.07,9.18,9.07,9.11,800,8.34801
"2012-02-01",9.18,9.35,9.1,9.16,7900,8.39383
"2012-02-02",9.19,9.22,9.19,9.21,600,8.43965
"2012-02-03",9.26,9.43,9.26,9.28,4100,8.50379
"2012-02-06",9.28,9.36,9.23,9.33,4300,8.54961
"2012-02-07",9.25,9.37,9.25,9.32,7100,8.54045
"2012-02-08",9.28,9.39,9.28,9.38,2000,8.59543
"2012-02-09",9.4,9.72,9.37,9.65,10400,8.84284
"2012-02-10",9.55,9.71,9.55,9.71,3700,8.89783
"2012-02-13",9.9,9.91,9.15,9.8,9700,8.9803
"2012-02-14",9.8,9.8,9.54,9.75,2200,8.93448
"2012-02-15",9.83,9.83,9.73,9.73,1700,8.91615
"2012-02-16",9.83,9.9,9.78,9.84,2000,9.01695
"2012-02-17",9.7,9.75,9.56,9.69,9600,8.8795
"2012-02-21",9.7,9.8,9.45,9.59,13700,8.78786
"2012-02-22",9.5,9.89,9.5,9.89,8800,9.06277
"2012-02-23",9.79,9.98,9.79,9.98,7300,9.14524
"2012-02-24",10,10.1,9.93,10.04,4300,9.20022
"2012-02-27",10.05,10.5,10.05,10.47,14600,9.59426
"2012-02-28",10.46,10.52,10.46,10.47,9300,9.59426
"2012-02-29",10.49,10.55,10.45,10.45,3700,9.57593
"2012-03-01",10.5,11,10.4,10.87,23000,9.9608
"2012-03-02",10.86,10.87,10.62,10.63,4500,9.74088
"2012-03-05",10.62,10.87,10.43,10.52,20500,9.64008
"2012-03-06",10.52,10.63,9.7,9.9,40800,9.07193
"2012-03-07",9.93,10.2,9.93,9.97,27300,9.13608
"2012-03-08",10.15,10.15,8.9,9.8,15700,8.9803
"2012-03-09",9.82,9.98,9.82,9.98,8500,9.14524
"2012-03-12",10,10,9.63,9.75,17400,8.93448
"2012-03-13",9.75,9.75,9.62,9.75,16100,8.93448
"2012-03-14",9.75,9.85,9.72,9.72,16000,8.90699
"2012-03-15",9.6,9.74,9.6,9.74,10200,8.92532
"2012-03-16",9.7,9.94,9.6,9.94,29400,9.10859
"2012-03-19",9.85,10,9.85,10,7700,9.16357
"2012-03-20",9.95,11,9.95,10.75,24500,9.85084
"2012-03-21",10.84,11,10.75,10.95,13500,10.03411
"2012-03-22",10.99,10.99,10.82,10.86,4400,9.95164
"2012-03-23",10.85,10.94,10.82,10.84,2600,9.93331
"2012-03-26",10.97,11.22,10.93,11.1,11800,10.17156
"2012-03-27",11.05,11.05,10.88,10.96,10700,10.04327
"2012-03-28",11,11,10.67,10.79,7200,9.88749
"2012-03-29",10.78,10.98,10.53,10.93,10500,10.01578
"2012-03-30",11,11,10.75,10.98,14500,10.0616
"2012-04-02",11.05,11.68,11.02,11.49,47700,10.52894
"2012-04-03",11.54,11.81,11.41,11.7,21400,10.72138
"2012-04-04",11.72,11.74,11.5,11.74,4700,10.75803
"2012-04-05",11.63,11.71,10.82,11.53,13400,10.5656
"2012-04-09",11.24,11.49,11.24,11.46,6000,10.50145
"2012-04-10",11.38,11.55,11.16,11.33,17200,10.38233
"2012-04-11",11.33,11.43,11.2,11.2,16200,10.2632
"2012-04-12",11.32,11.32,10.96,10.98,8100,10.0616
"2012-04-13",11.05,11.05,10.83,11,21000,10.07993
"2012-04-16",10.88,11.1,10.86,11.05,41800,10.12575
"2012-04-17",11.1,11.25,10.98,11.16,9300,10.22654
"2012-04-18",11.08,11.1,10.96,11,4900,10.07993
"2012-04-19",11.03,11.09,11,11.03,6200,10.10742
"2012-04-20",10.99,11.04,10.85,11.04,6900,10.11658
"2012-04-23",10.93,11,10.57,10.8,16400,9.89666
"2012-04-24",10.8,10.93,10.78,10.93,10300,10.01578
"2012-04-25",10.9,10.9,10.8,10.82,12100,9.91498
"2012-04-26",10.87,11.11,10.87,11,12300,10.07993
"2012-04-27",11,11.07,10.94,11.05,12300,10.12575
"2012-04-30",11.04,11.61,11.04,11.45,22000,10.49229
"2012-05-01",11.47,11.82,11.41,11.61,15200,10.6389
"2012-05-02",11.63,11.99,11.63,11.8,29000,10.81301
"2012-05-03",11.83,11.9,11.69,11.75,6300,10.76719
"2012-05-04",11.8,11.8,10.85,11.24,35800,10.29985
"2012-05-07",11.17,11.17,10.77,11.01,10000,10.08909
"2012-05-08",10.91,10.91,10.62,10.63,17700,9.74088
"2012-05-09",10.59,10.7,9.97,10.24,74000,9.3835
"2012-05-10",10.33,10.61,10.24,10.41,13300,9.53928
"2012-05-11",10.2,10.45,10.17,10.25,11000,9.39266
"2012-05-14",10.26,10.26,9.82,10.04,23900,9.20022
"2012-05-15",9.99,10.03,9.85,9.94,23000,9.10859
"2012-05-16",10.11,10.33,9.76,9.84,9800,9.01695
"2012-05-17",9.75,9.85,9.67,9.78,5500,8.96197
"2012-05-18",9.65,9.7,9.5,9.56,8900,8.76037
"2012-05-21",9.52,9.69,9.51,9.61,7600,8.80619
"2012-05-22",9.56,9.71,9.56,9.66,3000,8.85201
"2012-05-23",9.58,9.77,9.5,9.74,5300,8.92532
"2012-05-24",9.69,9.69,9.5,9.62,9300,8.81535
"2012-05-25",9.68,9.7,9.55,9.62,3500,8.81535
"2012-05-29",9.64,9.89,9.55,9.81,9600,8.98946
"2012-05-30",9.67,9.67,9.5,9.5,5600,8.70539
"2012-05-31",9.5,9.77,9.5,9.68,5100,8.87034
"2012-06-01",9.52,9.81,9.5,9.7,4300,8.88866
"2012-06-04",9.66,9.79,9.57,9.67,24900,8.86117
"2012-06-05",9.61,9.68,9.51,9.59,13500,8.78786
"2012-06-06",9.5,9.66,9.5,9.66,7900,8.85201
"2012-06-07",9.7,9.76,9.56,9.74,5500,8.92532
"2012-06-08",9.83,10.47,9.83,10.4,25600,9.53011
"2012-06-11",10.66,10.66,9.67,9.8,25100,8.9803
"2012-06-12",9.9,10.02,9.68,9.82,17700,8.99863
"2012-06-13",9.74,9.79,9,9.25,41800,8.4763
"2012-06-14",9.49,10.53,9.49,9.67,83700,8.86117
"2012-06-15",9.75,9.89,9.51,9.63,28300,8.82452
"2012-06-18",9.65,9.65,9.43,9.55,47800,8.75121
"2012-06-19",9.71,9.99,9.71,9.96,32300,9.12692
"2012-06-20",9.99,10.23,9.8,10.1,49600,9.25521
"2012-06-21",10.01,10.49,10.01,10.38,49900,9.51179
"2012-06-22",10.49,10.7,10,10.2,989700,9.34684
"2012-06-25",10.01,10.26,9.89,10.1,39200,9.25521
"2012-06-26",10.1,10.16,10,10.08,23700,9.23688
"2012-06-27",10.16,10.31,9.88,10.28,20000,9.42015
"2012-06-28",9.73,10.31,9.65,10.31,53200,9.47529
"2012-06-29",10.43,10.49,10.1,10.25,43300,9.42015
"2012-07-02",10.23,10.28,10,10.26,43400,9.42934
"2012-07-03",10.31,10.78,10.27,10.69,32700,9.82453
"2012-07-05",10.66,10.9,10.66,10.75,26700,9.87967
"2012-07-06",10.62,10.74,10.37,10.57,18300,9.71424
"2012-07-09",10.51,10.69,10.13,10.26,16700,9.42934
"2012-07-10",10.34,10.47,10.14,10.2,10600,9.3742
"2012-07-11",10.16,10.69,10.1,10.21,20100,9.38339
"2012-07-12",10.16,10.38,10.01,10.36,23000,9.52124
"2012-07-13",10.35,10.53,10.22,10.49,20700,9.64072
"2012-07-16",10.45,10.46,10.16,10.24,17900,9.41096
"2012-07-17",10.34,10.45,10,10.21,21400,9.38339
"2012-07-18",10.15,10.3,10.01,10.1,28500,9.2823
"2012-07-19",10.18,10.18,9.99,10.04,28300,9.22715
"2012-07-20",9.93,10.2,9.93,10.02,26700,9.20877
"2012-07-23",9.93,9.99,9.77,9.85,25600,9.05254
"2012-07-24",9.83,10,9.83,9.91,13900,9.10768
"2012-07-25",9.91,10.03,9.88,9.93,29700,9.12606
"2012-07-26",10,10,9.9,10,20800,9.19039
"2012-07-27",9.98,10.26,9.94,10.15,26800,9.32825
"2012-07-30",10.15,10.2,9.83,10.05,40000,9.23634
"2012-07-31",10.05,10.15,9.95,10,21700,9.19039
"2012-08-01",9.98,10.11,9.85,9.85,19100,9.05254
"2012-08-02",9.87,10.14,9.87,10.05,17300,9.23634
"2012-08-03",10.04,10.22,10.02,10.19,37000,9.36501
"2012-08-06",10.13,10.5,10.13,10.45,25300,9.60396
"2012-08-07",10.44,10.7,10.44,10.55,23800,9.69586
"2012-08-08",10.47,10.59,10.18,10.2,24900,9.3742
"2012-08-09",10.18,10.34,10.05,10.07,14900,9.25472
"2012-08-10",10.18,10.56,10.1,10.11,6400,9.29148
"2012-08-13",10.02,10.13,10.01,10.09,4500,9.2731
"2012-08-14",10.16,10.25,9.84,9.96,315700,9.15363
"2012-08-15",9.89,10.05,9.89,10.05,22300,9.23634
"2012-08-16",10,10.17,10,10.12,18900,9.30068
"2012-08-17",10.07,10.18,10.04,10.17,17600,9.34663
"2012-08-20",10.18,10.32,10.09,10.28,11400,9.44772
"2012-08-21",10.28,10.33,10.16,10.23,17600,9.40177
"2012-08-22",10.27,10.27,10.19,10.19,1900,9.36501
"2012-08-23",10.15,10.15,9.75,9.93,29700,9.12606
"2012-08-24",9.92,10.12,9.87,10.12,7800,9.30068
"2012-08-27",10.18,10.25,9.98,10,147800,9.19039
"2012-08-28",9.95,10.09,9.95,10,26400,9.19039
"2012-08-29",9.97,10.05,9.97,10.05,18400,9.23634
"2012-08-30",10.25,10.64,10.25,10.31,49600,9.47529
"2012-08-31",10.43,10.69,10.32,10.64,42400,9.77858
"2012-09-04",10.72,11.3,10.72,11.17,56900,10.26567
"2012-09-05",11.24,11.45,11.12,11.38,44500,10.45866
"2012-09-06",11.4,11.74,11.4,11.71,20800,10.76195
"2012-09-07",11.84,11.89,11.73,11.81,23500,10.85385
"2012-09-10",11.88,12,11.76,11.91,43300,10.94576
"2012-09-11",11.98,12,11.85,11.92,20000,10.95495
"2012-09-12",11.9,12,11.82,11.96,13900,10.99171
"2012-09-13",12,12.1,11.9,12.03,29300,11.05604
"2012-09-14",12.15,12.15,11.93,12.05,34600,11.07442
"2012-09-17",12.1,12.12,11.8,11.91,46100,10.94576
"2012-09-18",11.9,11.97,11.82,11.89,12300,10.92737
"2012-09-19",11.94,11.99,11.87,11.91,14700,10.94576
"2012-09-20",11.88,12,11.87,11.93,16800,10.96414
"2012-09-21",12,12.08,11.91,11.97,59400,11.0009
"2012-09-24",11.93,12.02,11.88,11.97,36300,11.0009
"2012-09-25",11.98,12,11.88,11.9,20200,10.93656
"2012-09-26",11.95,11.99,11.75,11.8,14300,10.84466
"2012-09-27",11.87,11.97,11.71,11.73,19800,10.80781
"2012-09-28",11.7,11.85,11.7,11.76,33100,10.83545
"2012-10-01",11.77,12,11.61,11.9,25800,10.96444
"2012-10-02",11.91,12.14,11.84,11.99,39500,11.04736
"2012-10-03",12,12,11.83,11.9,39800,10.96444
"2012-10-04",11.98,12.1,11.87,12.09,25600,11.1395
"2012-10-05",12.1,12.24,12.06,12.1,32100,11.14872
"2012-10-08",12.15,12.24,12.08,12.13,10700,11.17636
"2012-10-09",12.17,12.17,11.93,11.94,15700,11.0013
"2012-10-10",11.99,12,11.85,11.97,7900,11.02894
"2012-10-11",11.8,12.07,11.8,11.95,24000,11.01051
"2012-10-12",11.92,12.13,11.91,11.96,13300,11.01972
"2012-10-15",11.95,12.08,11.9,12.05,16900,11.10265
"2012-10-16",12.1,12.19,11.96,12.13,17600,11.17636
"2012-10-17",12.12,12.23,12.08,12.15,25900,11.19479
"2012-10-18",12.14,12.22,12,12.11,12800,11.15793
"2012-10-19",12.05,12.06,11.85,12.02,23400,11.07501
"2012-10-22",12.03,12.11,11.9,11.97,11400,11.02894
"2012-10-23",11.97,12.25,11.9,12.05,15400,11.10265
"2012-10-24",12.12,12.22,11.98,12.09,13000,11.1395
"2012-10-25",12.21,12.25,12.05,12.23,13300,11.2685
"2012-10-26",12.21,12.35,12.1,12.28,7200,11.31456
"2012-10-31",12.33,12.7,12.23,12.64,40100,11.64626
"2012-11-01",12.6,12.6,12.06,12.45,38300,11.4712
"2012-11-02",12.44,12.49,12.13,12.28,23600,11.31456
"2012-11-05",12.25,12.56,12.12,12.35,27500,11.37906
"2012-11-06",12.43,12.45,12.33,12.44,9100,11.46199
"2012-11-07",12.44,12.44,12.11,12.2,28900,11.24085
"2012-11-08",12.17,12.34,12.13,12.13,10600,11.17636
"2012-11-09",12.1,12.16,12,12.05,25100,11.10265
"2012-11-12",12.02,12.29,12.02,12.25,15400,11.28692
"2012-11-13",12.16,12.4,12.16,12.31,17200,11.34221
"2012-11-14",12.36,12.42,12.17,12.28,30200,11.31456
"2012-11-15",12.23,12.46,12.1,12.22,25200,11.25928
"2012-11-16",12.16,12.36,12,12.2,18500,11.24085
"2012-11-19",12.34,12.5,12.3,12.46,23000,11.48041
"2012-11-20",12.47,12.48,12.32,12.45,11900,11.4712
"2012-11-21",12.41,12.58,12.38,12.58,6600,11.59098
"2012-11-23",12.58,12.71,12.58,12.7,10400,11.70155
"2012-11-26",12.59,13,12.59,13,29300,11.97796
"2012-11-27",12.92,13.15,12.92,13.09,68100,12.06088
"2012-11-28",13.98,13.98,13.45,13.71,246100,12.63214
"2012-11-29",13.75,14.2,13.75,14.14,93000,13.02834
"2012-11-30",12.46,14.35,12.46,14.24,59400,13.12047
"2012-12-03",14.47,14.47,14.24,14.36,62700,13.23104
"2012-12-04",14.36,14.43,14.25,14.27,20400,13.14812
"2012-12-05",14.22,14.34,13.95,14.18,43500,13.06519
"2012-12-06",14.11,14.35,13.95,14.34,26700,13.21261
"2012-12-07",14.35,14.35,13.77,14.06,27300,12.95463
"2012-12-10",14.06,14.43,14.06,14.39,51200,13.25868
"2012-12-11",14.44,14.66,14.26,14.64,34900,13.48903
"2012-12-12",14.6,14.76,14.53,14.59,44800,13.44296
"2012-12-13",14.64,14.7,14.42,14.59,30200,13.44296
"2012-12-14",14.5,14.54,14.24,14.49,22900,13.35082
"2012-12-17",14,14.29,13.64,14.21,54800,13.58991
"2012-12-18",14.12,14.46,14.1,14.27,34900,13.64729
"2012-12-19",14.25,14.45,14,14.42,28100,13.79075
"2012-12-20",14.26,14.28,13.9,14.17,75000,13.55165
"2012-12-21",14.05,14.58,14.01,14.55,114000,13.91507
"2012-12-24",14.6,14.65,14.41,14.64,29100,14.00115
"2012-12-26",14.7,14.88,14.64,14.75,35000,14.10635
"2012-12-27",14.77,14.81,14.6,14.8,41000,14.15416
"2012-12-28",14.79,14.79,14.64,14.69,25300,14.04896
"2012-12-31",14.69,15.07,14.6,15.01,81200,14.355
"2013-01-02",15.34,15.82,15.21,15.59,112900,14.90969
"2013-01-03",15.59,15.71,15.5,15.62,25500,14.93838
"2013-01-04",15.81,16.51,15.63,16.42,67800,15.70347
"2013-01-07",16.48,16.69,16.36,16.48,89700,15.76085
"2013-01-08",16.46,16.66,15.77,16.12,57700,15.41656
"2013-01-09",16.21,16.38,16.19,16.3,47400,15.58871
"2013-01-10",16.3,16.57,16.21,16.5,33200,15.77998
"2013-01-11",16.5,16.68,16.41,16.5,46000,15.77998
"2013-01-14",16.6,16.78,16.43,16.65,55400,15.92343
"2013-01-15",16.52,16.66,16.25,16.29,32300,15.57914
"2013-01-16",16.3,16.4,16.2,16.35,18200,15.63653
"2013-01-17",16.54,16.78,16.3,16.71,26300,15.98081
"2013-01-18",16.65,16.67,16.22,16.59,35600,15.86605
"2013-01-22",16.59,16.78,16.33,16.78,37800,16.04776
"2013-01-23",16.73,16.73,16.39,16.44,37200,15.7226
"2013-01-24",16.26,16.68,16.26,16.47,59600,15.75129
"2013-01-25",16.51,16.82,16.29,16.7,37100,15.97125
"2013-01-28",16.74,17.58,16.73,17.55,65200,16.78416
"2013-01-29",17.59,17.85,17.38,17.79,44600,17.01369
"2013-01-30",17.8,17.87,17.2,17.28,64000,16.52594
"2013-01-31",17.3,17.5,17.01,17.5,59300,16.73634
"2013-02-01",17.55,17.65,17.25,17.55,30200,16.78416
"2013-02-04",17.58,17.6,17.31,17.42,56800,16.65983
"2013-02-05",17.52,18,17.47,18,38500,17.21452
"2013-02-06",17.99,18.13,17.9,18.07,44900,17.28147
"2013-02-07",18.11,18.15,17.64,18.04,44200,17.25278
"2013-02-08",18.04,18.11,17.78,17.81,21000,17.03281
"2013-02-11",17.76,17.83,17.5,17.79,48100,17.01369
"2013-02-12",17.78,17.78,17.42,17.49,29100,16.72678
"2013-02-13",17.39,17.46,16.89,16.98,80000,16.23903
"2013-02-14",16.88,17.15,16.55,17.02,97300,16.27729
"2013-02-15",17.14,17.33,17,17.2,46200,16.44943
"2013-02-19",17.34,17.9,17.31,17.45,90600,16.68852
"2013-02-20",17.45,17.5,16.66,16.7,40800,15.97125
"2013-02-21",16.64,16.64,15.52,15.86,119000,15.16791
"2013-02-22",16.06,16.27,15.93,16.05,71000,15.34962
"2013-02-25",16.2,16.6,15.77,15.99,128700,15.29223
"2013-02-26",16.04,16.37,15.92,15.92,61600,15.22529
"2013-02-27",15.97,16.43,15.93,16.27,86700,15.56002
"2013-02-28",16,16,15.3,15.71,133900,15.02445
"2013-03-01",14.99,16.64,14.99,16.52,91700,15.79911
"2013-03-04",16.54,17.22,16.51,17.11,82000,16.36336
"2013-03-05",17.15,17.5,17.15,17.42,54400,16.65983
"2013-03-06",17.6,18.05,17.41,17.88,46000,17.09976
"2013-03-07",18,18.05,17.81,17.98,36500,17.19539
"2013-03-08",18,18.1,17.78,17.91,37900,17.12845
"2013-03-11",17.8,17.95,17.1,17.17,48500,16.42074
"2013-03-12",16.99,17.17,16.3,16.94,57900,16.20078
"2013-03-13",17.03,17.07,16.65,16.75,33700,16.01907
"2013-03-14",16.8,16.94,16.7,16.92,30300,16.18165
"2013-03-15",16.95,17.1,16.74,16.81,60800,16.07645
"2013-03-18",16.78,16.81,16.24,16.45,43700,15.73216
"2013-03-19",16.43,16.59,16.24,16.43,43500,15.71303
"2013-03-20",16.4,16.53,16.25,16.43,42000,15.71303
"2013-03-21",16.39,16.48,16.28,16.4,14700,15.68434
"2013-03-22",16.39,16.45,15.76,15.82,90500,15.12965
"2013-03-25",15.79,15.81,15.56,15.65,47700,14.96707
"2013-03-26",15.56,15.91,15.51,15.77,44700,15.08183
"2013-03-27",15.75,15.99,15.71,15.9,50000,15.23514
"2013-03-28",15.95,16.14,15.83,15.91,64000,15.24473
"2013-04-01",15.7,15.91,15.52,15.76,70000,15.101
"2013-04-02",15.81,16.06,15.34,15.96,41100,15.29263
"2013-04-03",16.04,16.04,15.65,15.7,26600,15.04351
"2013-04-04",15.76,15.87,15.57,15.83,18800,15.16807
"2013-04-05",15.71,16.3,15.71,16.14,77000,15.46511
"2013-04-08",16.15,16.15,15.63,15.91,27600,15.24473
"2013-04-09",15.93,15.97,15.62,15.66,21400,15.00518
"2013-04-10",15.64,16.16,15.5,16.08,47100,15.40762
"2013-04-11",16.11,16.16,15.92,16.11,51700,15.43636
"2013-04-12",16.1,16.2,15.99,16.05,29000,15.37887
"2013-04-15",16.01,16.01,14.76,14.89,79000,14.26738
"2013-04-16",14.97,15.73,14.97,15.62,41000,14.96685
"2013-04-17",15.48,16.04,15.29,15.86,52600,15.19682
"2013-04-18",15.92,16.02,15.55,15.67,21200,15.01476
"2013-04-19",15.82,16,15.68,15.91,14200,15.24473
"2013-04-22",16.06,16.13,15.76,16.08,24800,15.40762
"2013-04-23",16.2,16.36,16.08,16.23,61300,15.55134
"2013-04-24",16.2,16.24,16.04,16.17,10200,15.49385
"2013-04-25",16.18,16.31,16.05,16.29,11400,15.60884
"2013-04-26",16.29,16.32,16.09,16.25,22900,15.57051
"2013-04-29",16.28,16.4,16.28,16.33,10400,15.64716
"2013-04-30",16.37,16.4,16.21,16.24,29300,15.56093
"2013-05-01",16.16,16.21,15.16,15.22,72900,14.58358
"2013-05-02",15.27,15.56,15.01,15.47,15800,14.82312
"2013-05-03",15.56,15.75,15.56,15.73,20600,15.07225
"2013-05-06",15.73,15.74,15.39,15.43,27900,14.7848
"2013-05-07",15.5,15.92,15.27,15.84,20100,15.17765
"2013-05-08",15.65,16.15,15.5,15.83,20700,15.16807
"2013-05-09",15.78,15.78,15.16,15.33,17500,14.68898
"2013-05-10",15.4,15.49,14.93,15.13,29300,14.49734
"2013-05-13",15.04,15.37,15.04,15.18,10400,14.54525
"2013-05-14",15.15,15.74,15.09,15.66,28600,15.00518
"2013-05-15",15.66,15.69,15.29,15.45,15400,14.80396
"2013-05-16",15.46,16.02,15.21,16.02,21500,15.35013
"2013-05-17",16.15,17,16.15,16.96,43900,16.25082
"2013-05-20",17.08,17.5,16.91,17.29,46200,16.56702
"2013-05-21",17.23,17.34,17.01,17.28,39300,16.55744
"2013-05-22",17.34,17.5,17.24,17.32,49100,16.59577
"2013-05-23",17.25,17.37,17.1,17.3,23400,16.5766
"2013-05-24",17.17,17.44,17.14,17.3,5000,16.5766
"2013-05-28",17.41,17.69,17.39,17.55,33500,16.81615
"2013-05-29",17.4,17.46,17.11,17.15,45900,16.43287
"2013-05-30",17.18,17.4,17.15,17.28,6800,16.55744
"2013-05-31",17.28,17.4,17.13,17.25,25800,16.52869
"2013-06-03",17.4,17.8,17.11,17.69,52000,16.9503
"2013-06-04",17.7,17.8,17.15,17.52,30600,16.7874
"2013-06-05",17.55,17.8,17.42,17.59,17800,16.85448
"2013-06-06",17.52,17.8,17.12,17.76,28000,17.01737
"2013-06-07",17.8,17.8,17.5,17.71,14500,16.96946
"2013-06-10",17.88,18.5,17.56,18.5,53100,17.72643
"2013-06-11",18.22,18.42,17.72,18.05,39100,17.29524
"2013-06-12",18.21,18.33,17.75,17.8,32400,17.05569
"2013-06-13",17.7,17.99,17.13,17.87,59200,17.12277
"2013-06-14",17.8,18.01,17.4,17.59,42000,16.85448
"2013-06-17",17.67,18.25,17.52,18.22,39300,17.45813
"2013-06-18",18.09,18.61,18.05,18.34,56000,17.57312
"2013-06-19",18.36,18.42,18.11,18.11,21300,17.35273
"2013-06-20",17.78,17.99,17.44,17.51,41800,16.77782
"2013-06-21",17.73,17.94,17,17.07,95800,16.35622
"2013-06-24",16.75,17.38,16.37,16.97,45000,16.2604
"2013-06-25",17.16,17.2,16.79,17.12,14900,16.40413
"2013-06-26",16.97,17.07,16.77,16.87,26400,16.16458
"2013-06-27",16.87,17.3,16.74,17.11,24400,16.43351
"2013-06-28",17.03,17.56,17.03,17.39,254400,16.70244
"2013-07-01",17.7,18.39,17.67,17.98,35400,17.26912
"2013-07-02",17.79,18.3,16.98,17.33,36700,16.64482
"2013-07-03",17.09,17.38,17.03,17.36,13400,16.67363
"2013-07-05",17.66,18.45,17.52,18.05,41900,17.33635
"2013-07-08",18.12,18.25,17.73,18.16,27000,17.442
"2013-07-09",18.3,18.36,18.04,18.35,17100,17.62449
"2013-07-10",18.41,18.6,18.34,18.56,26800,17.82618
"2013-07-11",18.68,18.69,17.88,18.27,18500,17.54765
"2013-07-12",18.1,18.44,18.01,18.31,64200,17.58607
"2013-07-15",18.31,18.66,18.04,18.63,22800,17.89342
"2013-07-16",18.6,18.65,18.45,18.6,34100,17.8646
"2013-07-17",18.63,18.8,18.36,18.7,23600,17.96065
"2013-07-18",18.8,18.88,18.69,18.79,25200,18.04709
"2013-07-19",18.75,18.85,18.31,18.78,15400,18.03749
"2013-07-22",18.78,19.04,18.76,18.91,21700,18.16235
"2013-07-23",19.06,19.3,18.86,18.88,19400,18.13353
"2013-07-24",18.94,18.98,18.42,18.73,41400,17.98946
"2013-07-25",18.75,19.56,18.68,19.49,41200,18.71941
"2013-07-26",19.38,19.6,19.16,19.36,15500,18.59455
"2013-07-29",19.4,19.4,19.15,19.33,29300,18.56574
"2013-07-30",19.4,19.4,19.1,19.27,8100,18.50811
"2013-07-31",19.34,19.34,19.09,19.24,15900,18.4793
"2013-08-01",19.39,19.49,19.17,19.36,12600,18.59455
"2013-08-02",19.4,19.4,19.14,19.28,10100,18.51772
"2013-08-05",19.3,19.38,19.18,19.35,8700,18.58495
"2013-08-06",19.19,19.36,19.14,19.33,14100,18.56574
"2013-08-07",19.32,19.38,19.18,19.2,8500,18.44088
"2013-08-08",19.4,19.4,19.11,19.27,13700,18.50811
"2013-08-09",19.27,19.3,18.91,19.1,11900,18.34483
"2013-08-12",18.97,19.01,18.59,19.01,11000,18.25839
"2013-08-13",19.03,19.03,18.84,18.97,4500,18.21997
"2013-08-14",18.86,18.99,18.54,18.76,11100,18.01828
"2013-08-15",18.61,18.61,17.94,18.46,38400,17.73014
"2013-08-16",18.31,18.94,18.31,18.67,25100,17.93184
"2013-08-19",18.67,18.96,18.67,18.9,13300,18.15274
"2013-08-20",18.98,19.23,18.89,18.97,25200,18.21997
"2013-08-21",18.82,19.28,18.76,19.13,44500,18.37365
"2013-08-22",19.14,19.26,19.01,19.18,26800,18.42167
"2013-08-23",19.19,19.26,18.85,19.25,8700,18.4889
"2013-08-26",19.25,19.25,18.89,19.05,14900,18.29681
"2013-08-27",18.85,18.99,18.72,18.81,24400,18.0663
"2013-08-28",18.85,18.94,18.7,18.71,25100,17.97025
"2013-08-29",19.25,19.38,18.71,19.36,39700,18.59455
"2013-08-30",19.4,19.48,19,19.16,29700,18.40246
"2013-09-03",19.41,19.41,18.44,18.66,25800,17.92223
"2013-09-04",18.7,18.88,18.61,18.73,23900,17.98946
"2013-09-05",18.81,18.83,18.08,18.14,25400,17.42279
"2013-09-06",18.2,18.31,17.6,18.25,22500,17.52844
"2013-09-09",18.36,18.4,18.14,18.24,25000,17.51884
"2013-09-10",18.31,19.01,18.29,18.98,32200,18.22958
"2013-09-11",19.04,19.04,18.49,19.01,27800,18.25839
"2013-09-12",18.91,19,18.47,18.63,24800,17.89342
"2013-09-13",18.71,18.73,18.3,18.61,9600,17.87421
"2013-09-16",18.72,18.82,18.44,18.6,12500,17.8646
"2013-09-17",18.66,18.78,18.36,18.77,25900,18.02788
"2013-09-18",18.8,18.94,18.5,18.75,24500,18.00867
"2013-09-19",18.76,18.83,18.56,18.76,15600,18.01828
"2013-09-20",18.9,18.98,18.68,18.7,37000,17.96065
"2013-09-23",18.74,19.18,18.69,18.9,14000,18.15274
"2013-09-24",18.87,19,18.63,18.85,16400,18.10472
"2013-09-25",18.94,19.17,18.72,18.8,11200,18.05669
"2013-09-26",18.91,18.95,18.55,18.86,19500,18.11432
"2013-09-27",18.75,18.82,18.46,18.63,19900,17.93145
"2013-09-30",18.46,18.9,18.11,18.71,22600,18.00845
"2013-10-01",18.77,18.95,18.71,18.84,15300,18.13357
"2013-10-02",18.64,18.83,18.24,18.32,27700,17.63307
"2013-10-03",18.23,18.23,17.83,18.07,27100,17.39244
"2013-10-04",17.99,18.32,17.96,18.07,20500,17.39244
"2013-10-07",17.95,18.48,17.84,17.98,19700,17.30582
"2013-10-08",17.96,18.12,17.81,17.81,12300,17.14219
"2013-10-09",17.83,18.18,17.78,17.97,25800,17.29619
"2013-10-10",18.2,18.5,18.18,18.48,13600,17.78707
"2013-10-11",18.48,18.68,18.42,18.64,42800,17.94107
"2013-10-14",18.62,18.98,18.62,18.97,13500,18.2587
"2013-10-15",19.01,19.02,18.89,18.99,21900,18.27795
"2013-10-16",19,19.05,18.9,18.96,19900,18.24907
"2013-10-17",18.82,19.1,18.82,19.07,25200,18.35495
"2013-10-18",19.03,19.48,19.03,19.47,30600,18.73995
"2013-10-21",19.45,19.48,19.36,19.38,10500,18.65332
"2013-10-22",19.41,19.48,19.3,19.45,28800,18.7207
"2013-10-23",19.39,19.48,19.34,19.47,14600,18.73995
"2013-10-24",19.45,19.48,19.27,19.47,16300,18.73995
"2013-10-25",19.5,19.82,19.38,19.8,59800,19.05758
"2013-10-28",19.8,19.89,19.74,19.81,48500,19.0672
"2013-10-29",19.88,20,19.5,19.9,21800,19.15383
"2013-10-30",19.97,19.97,19.37,19.37,23700,18.6437
"2013-10-31",19.31,19.4,18.37,19.35,33400,18.62445
"2013-11-01",19.37,19.48,18.64,18.82,53700,18.11432
"2013-11-04",18.76,19.14,18.67,18.79,33400,18.08545
"2013-11-05",18.65,19,18.61,18.93,22200,18.2202
"2013-11-06",19.1,19.19,18.78,19.03,6600,18.31645
"2013-11-07",19.18,19.18,18.74,19,21400,18.28757
"2013-11-08",18.9,19.27,18.8,19.23,27900,18.50895
"2013-11-11",19.19,19.25,19.09,19.11,6200,18.39345
"2013-11-12",19.11,19.15,18.77,19.07,11800,18.35495
"2013-11-13",19.07,19.13,18.94,18.98,8800,18.26832
"2013-11-14",19,19.1,18.86,19,13500,18.28757
"2013-11-15",18.93,19.15,18.93,19.1,14400,18.38382
"2013-11-18",19.08,19.1,18.8,18.99,16600,18.27795
"2013-11-19",18.94,19.13,18.78,18.83,17400,18.12395
"2013-11-20",18.86,19.34,18.8,19.3,36400,18.57632
"2013-11-21",19.3,20,19.3,19.76,21200,19.01908
"2013-11-22",19.71,20,19.71,19.94,19100,19.19233
"2013-11-25",19.92,20,19.82,19.9,20500,19.15383
"2013-11-26",20.02,20.25,19.9,20.23,101400,19.47145
"2013-11-27",20.19,20.27,20.15,20.24,23400,19.48108
"2013-11-29",20.25,20.25,20.2,20.23,16600,19.47145
"2013-12-02",20.23,20.25,20.13,20.21,77100,19.4522
"2013-12-03",20.25,20.25,20.15,20.18,32400,19.42333
"2013-12-04",20.22,20.24,19.37,19.77,26200,19.0287
"2013-12-05",19.82,19.99,19.56,19.78,18700,19.03833
"2013-12-06",19.94,20.15,19.9,20.02,19400,19.26933
"2013-12-09",20,20.12,19.9,20.02,16400,19.26933
"2013-12-10",20.04,20.09,19.93,20,37300,19.25008
"2013-12-11",20,20,19.76,19.93,31200,19.1827
"2013-12-12",19.99,20,19.75,19.91,39100,19.16345
"2013-12-13",19.9,20.12,19.9,19.97,8500,19.2212
"2013-12-16",20.02,20.35,20.02,20.29,37400,19.5292
"2013-12-17",20.25,20.46,20.15,20.4,25700,19.63508
"2013-12-18",20.47,20.51,20.35,20.5,29800,19.73133
"2013-12-19",20.5,20.5,20.23,20.34,23900,19.57733
"2013-12-20",20.41,20.5,20.01,20.08,49600,19.32708
"2013-12-23",20.15,20.32,20.1,20.3,38500,19.53883
"2013-12-24",20.26,20.43,20.25,20.29,8900,19.5292
"2013-12-26",20.3,20.47,20.16,20.41,18000,19.6447
"2013-12-27",20.5,20.5,20.25,20.41,16800,19.6447
"2013-12-30",20.3,20.5,20.2,20.48,33100,19.71208
"2013-12-31",20.5,20.5,20.41,20.45,20900,19.6832
"2014-01-02",20.5,20.5,20.36,20.46,28000,19.74109
"2014-01-03",20.44,20.66,20.41,20.66,23400,19.93407
"2014-01-06",20.75,20.75,20.36,20.38,26700,19.66391
"2014-01-07",20.58,20.74,20.47,20.67,13000,19.94372
"2014-01-08",20.55,20.74,20.2,20.32,18000,19.60601
"2014-01-09",20.42,20.42,19.53,19.65,24600,18.95956
"2014-01-10",19.72,19.79,19.16,19.48,32300,18.79553
"2014-01-13",19.34,19.48,18.98,19.25,52000,18.57361
"2014-01-14",19.39,19.6,19.23,19.44,29200,18.75694
"2014-01-15",19.38,19.87,19.16,19.83,28300,19.13323
"2014-01-16",19.81,20.03,19.6,19.98,18800,19.27796
"2014-01-17",19.98,20.13,19.77,20.03,20000,19.32621
"2014-01-21",20.24,20.44,19.93,20.4,23900,19.6832
"2014-01-22",20.43,20.43,20.15,20.31,13300,19.59636
"2014-01-23",20.34,20.37,20.01,20.26,23900,19.54812
"2014-01-24",20.2,20.33,19.85,20.05,36000,19.3455
"2014-01-27",21.1,21.1,19.93,20.16,53500,19.45164
"2014-01-28",20.23,20.46,20.1,20.42,22900,19.7025
"2014-01-29",20.33,20.44,19.96,20.14,29000,19.43234
"2014-01-30",20.37,20.49,20.23,20.37,17100,19.65426
"2014-01-31",20.25,20.6,20.14,20.21,24300,19.49988
"2014-02-03",20.25,20.43,19.56,19.67,76400,18.97885
"2014-02-04",19.72,20.06,19.65,19.96,16500,19.25866
"2014-02-05",19.93,20.08,19.78,19.9,21200,19.20077
"2014-02-06",20,20.21,19.8,19.82,29900,19.12358
"2014-02-07",19.79,19.93,19.7,19.85,17500,19.15253
"2014-02-10",19.92,19.99,19.7,19.9,17500,19.20077
"2014-02-11",20.02,20.02,19.74,19.89,45200,19.19112
"2014-02-12",19.97,20.04,19.7,19.88,7300,19.18147
"2014-02-13",19.76,20.1,19.7,19.88,19200,19.18147
"2014-02-14",19.88,20.05,19.73,19.9,11700,19.20077
"2014-02-18",19.9,19.95,19.69,19.74,19100,19.04639
"2014-02-19",19.74,19.88,19.31,19.49,26700,18.80518
"2014-02-20",19.59,19.85,19.59,19.77,12800,19.07534
"2014-02-21",19.84,20.12,19.6,19.77,31200,19.07534
"2014-02-24",19.74,19.81,19.45,19.46,9200,18.77623
"2014-02-25",19.56,19.56,19.01,19.39,33900,18.70869
"2014-02-26",19.31,19.51,19,19.29,52500,18.61221
"2014-02-27",19.31,19.47,19.19,19.28,52100,18.60256
"2014-02-28",19.25,19.5,19.25,19.28,22200,18.60256
"2014-03-03",19.19,19.29,19.03,19.22,40500,18.54466
"2014-03-04",19.45,20.48,19.42,20.25,35400,19.53848
"2014-03-05",20.17,20.17,19.75,20.05,12700,19.3455
"2014-03-06",20.13,20.17,19.77,20.17,9100,19.46129
"2014-03-07",20.2,20.5,20.11,20.26,9200,19.54812
"2014-03-10",20.13,20.47,20.13,20.47,18000,19.75074
"2014-03-11",20.33,20.33,19.64,19.8,20000,19.10429
"2014-03-12",19.78,20,19.61,19.9,27900,19.20077
"2014-03-13",20.02,20.02,19.61,19.65,16900,18.95956
"2014-03-14",19.64,20.05,19.6,19.81,8300,19.11393
"2014-03-17",20.02,20.02,19.54,19.58,15300,18.89202
"2014-03-18",19.55,19.73,19.55,19.7,8100,19.0078
"2014-03-19",19.77,19.77,19.43,19.46,7300,18.77623
"2014-03-20",19.5,19.68,19.3,19.6,20300,18.91131
"2014-03-21",19.66,19.75,19.46,19.59,35100,18.90166
"2014-03-24",19.54,19.63,19.3,19.37,27400,18.6894
"2014-03-25",19.4,19.69,19.4,19.63,16800,18.94026
"2014-03-26",19.84,19.84,19.44,19.56,21300,18.87272
"2014-03-27",19.63,19.94,19.51,19.82,31200,19.12358
"2014-03-28",19.71,20.03,19.71,19.8,16300,19.1526
"2014-03-31",19.83,20.1,19.55,19.74,37900,19.09456
"2014-04-01",19.83,20.44,19.73,20.19,30100,19.52985
"2014-04-02",20.28,20.35,20.07,20.26,19500,19.59756
"2014-04-03",20.19,20.28,19.82,19.94,57000,19.28802
"2014-04-04",20.14,20.14,19.05,19.36,23300,18.72699
"2014-04-07",19.35,19.74,19.22,19.22,26200,18.59157
"2014-04-08",19.29,19.5,18.96,19.02,48900,18.39811
"2014-04-09",19.15,19.41,19,19.26,42400,18.63026
"2014-04-10",19.22,19.22,18.37,18.73,31000,18.11759
"2014-04-11",18.55,18.78,18.25,18.7,31400,18.08857
"2014-04-14",18.91,19.06,18.44,18.69,104500,18.0789
"2014-04-15",18.76,18.76,17.93,18.23,37200,17.63394
"2014-04-16",18.12,18.52,17.9,18.01,23700,17.42113
"2014-04-17",17.89,18.77,17.61,18.74,20200,18.12726
"2014-04-21",18.69,19.01,18.69,18.95,13700,18.33039
"2014-04-22",18.89,18.95,18.6,18.82,23000,18.20465
"2014-04-23",18.68,19,18.58,18.82,22600,18.20465
"2014-04-24",18.99,18.99,18.51,18.68,12500,18.06922
"2014-04-25",18.6,18.77,18.54,18.61,34600,18.00151
"2014-04-28",18.64,18.75,18.17,18.58,11600,17.97249
"2014-04-29",18.71,18.75,18.32,18.47,16800,17.86609
"2014-04-30",18.38,18.39,17.87,18.05,18300,17.45982
"2014-05-01",17.98,18.18,17.77,18,30300,17.41146
"2014-05-02",18.09,18.12,17.76,17.94,20000,17.35342
"2014-05-05",17.91,17.95,17.78,17.86,22600,17.27604
"2014-05-06",17.83,17.89,17.51,17.64,25800,17.06323
"2014-05-07",17.75,17.75,17.25,17.54,86000,16.9665
"2014-05-08",17.54,17.73,17.4,17.46,22400,16.88911
"2014-05-09",17.37,18.49,17.3,18.32,28600,17.72099
"2014-05-12",18.46,18.9,18.41,18.64,34400,18.03053
"2014-05-13",18.67,18.67,17.68,17.68,30800,17.10192
"2014-05-14",17.62,17.73,17.3,17.3,62000,16.73434
"2014-05-15",17.25,17.4,17.16,17.31,35600,16.74402
"2014-05-16",17.26,17.49,17.2,17.46,41600,16.88911
"2014-05-19",17.43,17.46,17.25,17.3,51300,16.73434
"2014-05-20",17.3,17.68,17.13,17.47,58900,16.89878
"2014-05-21",17.47,17.56,17.23,17.31,37400,16.74402
"2014-05-22",17.34,17.44,17.24,17.27,30800,16.70533
"2014-05-23",17.31,17.85,17.25,17.78,25700,17.19865
"2014-05-27",18.06,18.73,18.03,18.7,32700,18.08857
"2014-05-28",18.56,18.77,18.46,18.73,14400,18.11759
"2014-05-29",18.7,18.77,18.6,18.76,31700,18.14661
"2014-05-30",18.8,19.05,18.29,18.44,44500,17.83707
"2014-06-02",18.5,18.54,17.86,17.89,19100,17.30505
"2014-06-03",17.91,18.01,17.52,17.69,28900,17.11159
"2014-06-04",17.57,17.89,17.53,17.71,18300,17.13094
"2014-06-05",17.68,18.39,17.68,18.18,25400,17.58557
"2014-06-06",18.28,18.39,18.28,18.36,12500,17.75969
"2014-06-09",18.42,18.76,18.26,18.38,32800,17.77903
"2014-06-10",18.03,18.7,18.03,18.1,15900,17.50819
"2014-06-11",18.05,18.06,17.57,17.9,27400,17.31473
"2014-06-12",17.93,18.32,17.7,18.05,36300,17.45982
"2014-06-13",17.75,18.3,17.75,18.21,46100,17.61459
"2014-06-16",18.1,18.52,18.05,18.22,59200,17.62426
"2014-06-17",18.06,18.36,17.99,18.31,47400,17.71132
"2014-06-18",18.24,18.29,18.12,18.19,31900,17.59525
"2014-06-19",18.3,18.3,18.02,18.08,36200,17.48884
"2014-06-20",18.18,18.2,18,18.14,63400,17.54688
"2014-06-23",18.15,18.2,17.84,17.91,25100,17.3244
"2014-06-24",17.95,18.12,17.67,17.7,26600,17.12127
"2014-06-25",17.6,17.92,17.6,17.9,21900,17.31473
"2014-06-26",17.97,18,17.65,17.93,70300,17.34375
"2014-06-27",17.52,17.7,17.5,17.51,212800,17.37351
"2014-06-30",17.58,17.8,17.26,17.41,52000,17.27429
"2014-07-01",17.53,17.96,17.52,17.82,40100,17.6811
"2014-07-02",17.72,18.1,17.71,18.01,37200,17.86962
"2014-07-03",18.07,18.36,18.04,18.08,8700,17.93907
"2014-07-07",18.08,18.09,17.67,17.92,16800,17.78032
"2014-07-08",17.82,18.09,17.67,17.96,18500,17.82
"2014-07-09",18,18.23,17.9,17.9,21700,17.76047
"2014-07-10",17.65,17.65,17.11,17.16,23800,17.02624
"2014-07-11",17.15,17.4,17.12,17.15,25200,17.01632
"2014-07-14",17.33,18,17.25,17.73,31800,17.5918
"2014-07-15",17.81,17.81,17.19,17.36,23700,17.22468
"2014-07-16",17.5,17.64,17.39,17.64,22300,17.5025
"2014-07-17",17.75,17.81,17.29,17.43,38200,17.29414
"2014-07-18",17.53,17.88,17.32,17.82,22300,17.6811
"2014-07-21",17.68,17.78,17.48,17.6,17000,17.46281
"2014-07-22",17.72,18.1,17.61,18.05,11400,17.9093
"2014-07-23",18.03,18.03,17.75,17.92,15400,17.78032
"2014-07-24",17.86,18.05,17.79,18,16300,17.85969
"2014-07-25",17.84,17.89,17.73,17.8,24000,17.66125
"2014-07-28",17.77,17.95,17.41,17.88,13900,17.74063
"2014-07-29",17.85,18.11,17.85,18.01,24100,17.86962
"2014-07-30",18.15,18.31,18.01,18.22,10600,18.07798
"2014-07-31",18.1,18.26,17.76,18.12,39800,17.97876
"2014-08-01",18.22,18.45,17.77,17.87,61400,17.73071
"2014-08-04",18.02,18.02,17.74,17.76,16700,17.62156
"2014-08-05",17.7,17.84,17.52,17.7,16800,17.56203
"2014-08-06",17.56,17.87,17.38,17.84,7300,17.70094
"2014-08-07",17.84,17.84,17.55,17.61,9900,17.47273
"2014-08-08",17.6,17.6,17.38,17.46,25800,17.3239
"2014-08-11",17.57,17.6,17.31,17.53,40200,17.39336
"2014-08-12",17.44,17.63,17.27,17.4,36600,17.26437
"2014-08-13",17.35,17.55,17.06,17.48,14200,17.34375
"2014-08-14",17.55,17.69,17.47,17.62,16000,17.48265
"2014-08-15",17.79,17.79,17.18,17.25,24000,17.11554
"2014-08-18",17.44,17.9,17.4,17.77,21900,17.63148
"2014-08-19",17.85,18.07,17.78,17.81,11100,17.67117
"2014-08-20",17.62,17.78,17.56,17.7,24200,17.56203
"2014-08-21",17.66,17.92,17.66,17.9,22400,17.76047
"2014-08-22",18.05,18.32,17.97,18.09,63900,17.94899
"2014-08-25",18.17,18.2,17.86,18,44600,17.85969
"2014-08-26",18.11,18.13,17.98,18.03,30500,17.88946
"2014-08-27",18.05,18.09,17.91,18,21000,17.85969
"2014-08-28",17.97,18.37,17.95,18.07,15600,17.92915
"2014-08-29",18.19,18.47,18.06,18.29,45000,18.14743
"2014-09-02",18.39,18.51,18.32,18.38,27500,18.23673
"2014-09-03",18.49,19,18.44,18.46,50200,18.31611
"2014-09-04",18.75,18.87,18.44,18.83,64100,18.68322
"2014-09-05",19.24,19.24,16.6,18.18,111600,18.03829
"2014-09-08",18.28,18.28,17.9,18,17700,17.85969
"2014-09-09",17.86,18.05,17.7,17.84,25000,17.70094
"2014-09-10",17.78,18.22,17.54,18.16,28700,18.01845
"2014-09-11",17.92,17.94,17.66,17.8,37400,17.66125
"2014-09-12",17.85,17.85,17.52,17.72,21100,17.58187
"2014-09-15",17.73,17.79,17.37,17.51,33900,17.37351
"2014-09-16",17.53,17.72,17.5,17.71,23100,17.57195
"2014-09-17",17.65,17.88,17.54,17.69,22500,17.55211
"2014-09-18",17.7,17.96,17.68,17.86,21600,17.72079
"2014-09-19",17.86,17.88,17.44,17.51,52700,17.37351
"2014-09-22",17.5,17.89,17.41,17.79,40600,17.65133
"2014-09-23",17.68,17.93,17.68,17.85,37400,17.71086
"2014-09-24",17.91,18.09,17.77,18.04,19200,17.89938
"2014-09-25",18.07,18.28,17.87,18.24,34000,18.09782
"2014-09-26",18.25,18.27,18.12,18.17,18600,18.02837
"2014-09-29",18.05,18.18,17.9,18.12,43800,18.02837
"2014-09-30",18.12,18.31,18.12,18.15,36600,18.05822
"2014-10-01",18.09,18.09,17.73,17.95,44100,17.85923
"2014-10-02",17.96,18.55,17.93,18.42,24700,18.32685
"2014-10-03",18.62,18.79,18.53,18.67,15300,18.57559
"2014-10-06",18.65,18.76,17.65,17.82,32700,17.72989
"2014-10-07",17.77,18.03,17.67,17.76,19300,17.67019
"2014-10-08",17.59,18.27,17.58,18.18,18000,18.08806
"2014-10-09",18.12,18.12,17.54,17.6,29400,17.511
"2014-10-10",17.39,17.71,17.29,17.35,42800,17.26226
"2014-10-13",17.47,17.87,17.47,17.73,21100,17.64034
"2014-10-14",17.7,17.96,17.66,17.94,30400,17.84928
"2014-10-15",17.75,18.36,17.75,18.28,34400,18.18756
"2014-10-16",17.84,18.9,17.52,18.8,47000,18.70493
"2014-10-17",19,19,18.64,18.77,29100,18.67508
"2014-10-20",18.74,18.77,18.51,18.69,26400,18.59549
"2014-10-21",18.7,18.83,18.6,18.66,20800,18.56564
"2014-10-22",18.76,18.79,18.39,18.52,18300,18.42635
"2014-10-23",18.59,18.78,18.11,18.21,30500,18.11791
"2014-10-24",18.27,18.47,18.02,18.07,22200,17.97862
"2014-10-27",17.95,17.98,17.72,17.77,15100,17.68014
"2014-10-28",17.84,18.51,17.8,18.51,34600,18.4164
"2014-10-29",18.45,18.68,18.2,18.62,16500,18.52584
"2014-10-30",18.65,18.99,18.52,18.96,18000,18.86412
"2014-10-31",19,19,18.54,18.97,35800,18.87407
"2014-11-03",19,19.17,18.82,18.88,19500,18.78452
"2014-11-04",18.91,18.97,18.56,18.91,17900,18.81437
"2014-11-05",19,19.12,18.87,19.03,14800,18.93377
"2014-11-06",18.95,19.22,18.85,19.15,25200,19.05316
"2014-11-07",19.4,19.4,19.06,19.1,9700,19.00341
"2014-11-10",19.05,19.05,18.68,18.75,25500,18.65518
"2014-11-11",18.67,19.07,18.67,18.78,18800,18.68503
"2014-11-12",18.78,18.89,18.6,18.84,13000,18.74473
"2014-11-13",18.74,18.89,18.68,18.75,16500,18.65518
"2014-11-14",18.8,18.89,18.64,18.85,15100,18.75468
"2014-11-17",18.76,18.78,18.58,18.59,9700,18.49599
"2014-11-18",18.67,18.73,18.52,18.54,10700,18.44625
"2014-11-19",18.51,18.6,18.5,18.5,17200,18.40645
"2014-11-20",18.53,18.62,18.5,18.55,13900,18.45619
"2014-11-21",18.87,18.87,18.53,18.59,12400,18.49599
"2014-11-24",18.55,18.79,18.5,18.66,12400,18.56564
"2014-11-25",18.7,18.71,18.5,18.66,25400,18.56564
"2014-11-26",18.58,18.99,18.58,18.89,11300,18.79447
"2014-11-28",18.83,19.08,18.68,18.74,15900,18.64523
"2014-12-01",18.6,19.87,18.6,19.58,48700,19.48098
"2014-12-02",19.33,19.99,19.33,19.96,18900,19.85906
"2014-12-03",20,20.31,19.56,20.14,32900,20.03815
"2014-12-04",20.31,20.74,19.98,20.51,27800,20.40628
"2014-12-05",20.57,21.18,20.57,20.95,32100,20.84406
"2014-12-08",20.97,21,20.71,20.89,31100,20.78436
"2014-12-09",20.75,21,20.62,21,27200,20.8938
"2014-12-10",20.99,21,20.66,20.73,23500,20.62517
"2014-12-11",20.74,21.18,20.74,21.15,25000,21.04305
"2014-12-12",21,21.05,20.72,20.73,75100,20.62517
"2014-12-15",20.61,20.9,20.07,20.14,106400,20.03815
"2014-12-16",20.04,20.39,19.86,20.09,40400,19.98841
"2014-12-17",20.05,21,20.05,20.99,47500,20.88385
"2014-12-18",21,21,20.52,20.97,25800,20.86395
"2014-12-19",20.88,20.97,20.61,20.75,48100,20.64507
"2014-12-22",20.71,20.99,20.34,20.94,22300,20.83411
"2014-12-23",21,21.09,20.9,20.97,33800,20.86395
"2014-12-24",21,21.2,20.95,21.13,8700,21.02315
"2014-12-26",21.14,21.25,20.95,21.12,16500,21.0132
"2014-12-29",20.97,21.25,20.97,21.23,67200,21.12264
"2014-12-30",21.15,21.76,21.08,21.42,37700,21.37208
"2014-12-31",21.49,21.8,21.44,21.68,21900,21.6315
"2015-01-02",21.7,21.94,21.18,21.76,25000,21.71132
"2015-01-05",21.69,21.99,21.62,21.8,40200,21.75123
"2015-01-06",21.93,21.93,21.5,21.66,27300,21.61154
"2015-01-07",21.69,21.89,21.49,21.79,25500,21.74125
"2015-01-08",22,22.74,21.86,22.35,58900,22.3
"2015-01-09",22.42,22.42,21.29,21.94,20400,21.89092
"2015-01-12",21.87,22,21.72,21.89,19300,21.84103
"2015-01-13",21.93,22.46,21.5,21.67,24000,21.62152
"2015-01-14",21.5,21.6,20.99,21.28,20700,21.2324
"2015-01-15",21.43,21.43,20.95,21.08,34600,21.03284
"2015-01-16",20.97,21.8,20.97,21.78,21600,21.73128
"2015-01-20",21.66,21.81,21.07,21.68,26000,21.6315
"2015-01-21",21.52,21.63,21.07,21.25,14000,21.20246
"2015-01-22",21.28,21.88,21.23,21.59,17100,21.5417
"2015-01-23",21.57,21.57,20.32,20.43,43900,20.3843
"2015-01-26",20.17,21.1,20.17,21,36400,20.95302
"2015-01-27",21.09,21.13,20.76,21.01,14500,20.963
"2015-01-28",21.18,21.18,20.34,20.37,17000,20.32443
"2015-01-29",20.51,20.79,20.5,20.73,13800,20.68362
"2015-01-30",20.52,20.77,20.05,20.09,13500,20.04506
"2015-02-02",19.97,20.36,19.22,20.28,19300,20.23463
"2015-02-03",20.49,21.15,20.49,21.06,26800,21.01289
"2015-02-04",20.82,21.07,20.07,20.32,17500,20.27454
"2015-02-05",20.31,20.72,20.15,20.53,9600,20.48407
"2015-02-06",20.59,21.27,20.46,20.95,23800,20.90313
"2015-02-09",20.82,21.02,20.29,20.37,16700,20.32443
"2015-02-10",20.46,20.8,20.24,20.53,7700,20.48407
"2015-02-11",20.55,20.64,20.4,20.51,55600,20.46412
"2015-02-12",20.73,20.73,20.45,20.58,24100,20.53396
"2015-02-13",20.64,20.79,20.32,20.44,15900,20.39427
"2015-02-17",20.48,21.66,20.25,21.54,20800,21.49181
"2015-02-18",21.38,21.41,20.77,20.89,12400,20.84327
"2015-02-19",20.94,21.93,20.94,21.8,16400,21.75123
"2015-02-20",21.84,22,21.51,21.82,33900,21.77118
"2015-02-23",21.8,21.89,21.6,21.74,16700,21.69136
"2015-02-24",21.7,21.95,21.7,21.77,18100,21.7213
"2015-02-25",22,22.2,21.67,21.92,28400,21.87096
"2015-02-26",21.75,22.2,21.65,21.92,7400,21.87096
"2015-02-27",21.77,22.14,21.58,21.74,14900,21.69136
"2015-03-02",22,22.01,21.56,21.76,14200,21.71132
"2015-03-03",21.83,21.83,20.82,21,12700,20.95302
"2015-03-04",20.61,21,20.61,20.81,10200,20.76344
"2015-03-05",22.2,23.29,21.52,22.75,94100,22.6991
"2015-03-06",22.75,24.16,22.75,23.79,116500,23.73678
"2015-03-09",23.97,24.82,23.8,24.15,139900,24.09597
"2015-03-10",24.15,24.6,23.82,24.5,57100,24.44519
"2015-03-11",24.5,25.71,24.42,25.5,140400,25.44295
"2015-03-12",25.5,25.54,25.35,25.52,82900,25.46291
"2015-03-13",25.48,26.24,25.07,25.25,156500,25.19351
"2015-03-16",25.53,26.78,25.17,25.49,149000,25.43298
"2015-03-17",24.96,25.4,24.82,25.08,90000,25.02389
"2015-03-18",24.89,26.05,24.43,25.84,104400,25.78219
"2015-03-19",25.76,27.01,25.5,26.62,111300,26.56045
"2015-03-20",26.68,26.7,26.19,26.21,75700,26.15136
"2015-03-23",26.14,26.91,26.14,26.48,50900,26.42076
"2015-03-24",26.58,26.88,26.36,26.4,130500,26.34094
"2015-03-25",26.49,26.99,26.42,26.87,86000,26.80989
"2015-03-26",26.85,26.96,26.55,26.77,57000,26.71011
"2015-03-27",26.81,26.99,26.45,26.82,102800,26.76
"2015-03-30",26.98,27.83,26.88,27.37,190500,27.37
"2015-03-31",27.37,27.57,26.46,26.75,190900,26.75
